frame,id,class,tl_x,tl_y,br_x,br_y
0,0,1,30.477,9.307,29.508,8.550
1,0,1,30.505,9.334,29.489,8.541
2,0,1,30.561,9.325,29.546,8.531
3,0,1,30.580,9.334,29.565,8.540
4,0,1,30.627,9.352,29.611,8.558
5,0,1,30.655,9.342,29.640,8.549
6,0,1,30.842,9.257,29.771,8.613
7,0,1,30.833,9.266,29.771,8.604
8,0,1,30.861,9.285,29.799,8.622
9,0,1,30.908,9.284,29.846,8.622
10,0,1,30.945,9.293,29.884,8.631
11,0,1,31.011,9.311,29.949,8.649
12,0,1,31.039,9.292,29.977,8.630
13,0,1,31.077,9.301,30.015,8.639
14,0,1,31.105,9.283,30.043,8.620
15,0,1,31.151,9.301,30.090,8.638
16,0,1,31.189,9.291,30.127,8.629
17,0,1,31.245,9.300,30.184,8.637
18,0,1,31.283,9.309,30.221,8.646
19,0,1,31.320,9.318,30.259,8.655
20,0,1,31.358,9.308,30.296,8.646
21,0,1,31.395,9.317,30.334,8.655
22,0,1,31.432,9.308,30.371,8.645
23,0,1,31.470,9.317,30.408,8.654
24,0,1,31.507,9.307,30.446,8.645
25,0,1,31.545,9.316,30.483,8.654
26,0,1,31.582,9.306,30.521,8.644
27,0,1,31.620,9.315,30.558,8.653
28,0,1,31.676,9.324,30.615,8.662
29,0,1,31.713,9.333,30.652,8.671
30,0,1,31.751,9.324,30.690,8.661
31,0,1,31.788,9.333,30.727,8.670
32,0,1,31.844,9.341,30.783,8.679
33,0,1,31.882,9.350,30.821,8.688
34,0,1,31.919,9.359,30.858,8.697
35,0,1,31.976,9.368,30.914,8.706
36,0,1,32.013,9.359,30.952,8.696
37,0,1,32.050,9.368,30.989,8.705
38,0,1,32.106,9.358,31.046,8.695
39,0,1,32.144,9.367,31.083,8.705
40,0,1,32.181,9.376,31.121,8.714
41,0,1,32.219,9.385,31.158,8.723
42,0,1,32.256,9.394,31.195,8.732
43,0,1,32.294,9.403,31.233,8.741
44,0,1,32.331,9.412,31.270,8.750
45,0,1,32.369,9.421,31.308,8.759
46,0,1,32.406,9.411,31.345,8.749
47,0,1,32.444,9.420,31.383,8.758
48,0,1,32.481,9.429,31.420,8.767
49,0,1,32.519,9.438,31.458,8.776
50,0,1,32.556,9.428,31.495,8.766
51,0,1,32.593,9.437,31.533,8.775
52,0,1,32.631,9.428,31.570,8.766
53,0,1,32.668,9.437,31.608,8.775
54,0,1,32.705,9.427,31.645,8.765
55,0,1,32.743,9.436,31.682,8.774
56,0,1,32.780,9.427,31.720,8.764
57,0,1,32.818,9.436,31.757,8.773
58,0,1,32.855,9.426,31.795,8.764
59,0,1,32.892,9.435,31.832,8.773
60,0,1,32.930,9.425,31.869,8.763
61,0,1,32.967,9.434,31.907,8.772
62,0,1,33.005,9.425,31.944,8.763
63,0,1,33.042,9.434,31.982,8.772
64,0,1,33.079,9.424,32.019,8.762
65,0,1,33.117,9.433,32.057,8.771
66,0,1,33.154,9.442,32.094,8.780
67,0,1,33.192,9.451,32.131,8.789
68,0,1,33.229,9.441,32.169,8.779
69,0,1,33.285,9.450,32.225,8.788
70,0,1,33.323,9.459,32.262,8.797
71,0,1,33.360,9.468,32.300,8.806
72,0,1,33.416,9.458,32.356,8.796
73,0,1,33.453,9.467,32.393,8.805
74,0,1,33.491,9.458,32.431,8.796
75,0,1,33.547,9.466,32.487,8.805
76,0,1,33.584,9.475,32.524,8.814
77,0,1,33.622,9.484,32.562,8.823
78,0,1,33.659,9.493,32.599,8.832
79,0,1,33.697,9.502,32.637,8.841
80,0,1,33.734,9.493,32.674,8.831
81,0,1,33.771,9.502,32.711,8.840
82,0,1,33.809,9.492,32.749,8.830
83,0,1,33.865,9.501,32.805,8.839
84,0,1,33.902,9.491,32.842,8.829
85,0,1,33.939,9.500,32.880,8.838
86,0,1,33.977,9.491,32.917,8.829
87,0,1,34.014,9.500,32.954,8.838
88,0,1,34.051,9.490,32.992,8.828
89,0,1,34.089,9.499,33.029,8.837
90,0,1,34.126,9.489,33.066,8.828
91,0,1,34.163,9.498,33.104,8.837
92,0,1,34.201,9.489,33.141,8.827
93,0,1,34.238,9.498,33.179,8.836
94,0,1,34.275,9.488,33.216,8.826
95,0,1,34.313,9.478,33.253,8.817
96,0,1,34.350,9.469,33.290,8.807
97,0,1,34.387,9.478,33.328,8.816
98,0,1,34.425,9.468,33.365,8.806
99,0,1,34.462,9.477,33.403,8.815
100,0,1,34.518,9.486,33.459,8.824
101,0,1,34.555,9.495,33.496,8.833
102,0,1,34.593,9.485,33.533,8.824
103,0,1,34.630,9.494,33.571,8.833
104,0,1,34.667,9.484,33.608,8.823
105,0,1,34.705,9.493,33.646,8.832
106,0,1,34.742,9.502,33.683,8.841
107,0,1,34.798,9.511,33.739,8.850
108,0,1,34.835,9.502,33.776,8.840
109,0,1,34.873,9.511,33.814,8.849
110,0,1,34.929,9.519,33.870,8.858
111,0,1,34.966,9.528,33.907,8.867
112,0,1,35.004,9.537,33.945,8.876
113,0,1,35.041,9.546,33.982,8.885
114,0,1,35.078,9.555,34.019,8.894
115,0,1,35.134,9.564,34.075,8.903
116,0,1,35.172,9.555,34.113,8.893
117,0,1,35.209,9.564,34.150,8.902
118,0,1,35.246,9.572,34.187,8.911
119,0,1,35.302,9.563,34.243,8.901
120,0,1,35.339,9.553,34.281,8.892
121,0,1,35.377,9.562,34.318,8.901
122,0,1,35.433,9.552,34.374,8.891
123,0,1,35.470,9.561,34.411,8.900
124,0,1,35.507,9.552,34.449,8.890
125,0,1,35.545,9.561,34.486,8.899
126,0,1,35.582,9.551,34.523,8.890
127,0,1,35.638,9.560,34.579,8.899
128,0,1,35.656,9.550,34.598,8.889
129,0,1,35.694,9.541,34.635,8.879
130,0,1,35.749,9.531,34.691,8.870
131,0,1,35.787,9.521,34.728,8.860
132,0,1,35.824,9.512,34.765,8.850
133,0,1,35.861,9.520,34.803,8.859
134,0,1,35.898,9.511,34.840,8.850
135,0,1,35.954,9.520,34.896,8.859
136,0,1,35.992,9.510,34.933,8.849
137,0,1,36.029,9.519,34.971,8.858
138,0,1,36.066,9.509,35.008,8.848
139,0,1,36.103,9.518,35.045,8.857
140,0,1,36.141,9.509,35.082,8.848
141,0,1,36.178,9.518,35.120,8.857
142,0,1,36.234,9.508,35.176,8.847
143,0,1,36.271,9.517,35.213,8.856
144,0,1,36.308,9.507,35.250,8.846
145,0,1,36.364,9.516,35.306,8.855
146,0,1,36.402,9.525,35.344,8.864
147,0,1,36.439,9.534,35.381,8.873
148,0,1,36.476,9.543,35.418,8.882
149,0,1,36.513,9.552,35.456,8.891
150,0,1,36.551,9.561,35.493,8.900
151,0,1,36.588,9.570,35.530,8.909
152,0,1,36.644,9.560,35.586,8.899
153,0,1,36.681,9.569,35.623,8.908
154,0,1,36.718,9.559,35.661,8.899
155,0,1,36.756,9.568,35.698,8.908
156,0,1,36.812,9.559,35.754,8.898
157,0,1,36.849,9.568,35.791,8.907
158,0,1,36.886,9.558,35.828,8.897
159,0,1,36.942,9.567,35.884,8.906
160,0,1,36.979,9.557,35.921,8.896
161,0,1,37.016,9.566,35.959,8.905
162,0,1,37.054,9.556,35.996,8.896
163,0,1,37.091,9.547,36.033,8.886
164,0,1,37.128,9.537,36.070,8.877
165,0,1,37.165,9.528,36.108,8.867
166,0,1,37.202,9.518,36.145,8.857
167,0,1,37.239,9.508,36.182,8.848
168,0,1,37.276,9.499,36.219,8.838
169,0,1,37.314,9.508,36.256,8.847
170,0,1,37.369,9.498,36.312,8.837
171,0,1,37.407,9.507,36.349,8.846
172,0,1,37.444,9.497,36.387,8.837
173,0,1,37.481,9.506,36.424,8.846
174,0,1,37.518,9.515,36.461,8.855
175,0,1,37.574,9.524,36.517,8.864
176,0,1,37.611,9.514,36.554,8.854
177,0,1,37.649,9.523,36.592,8.863
178,0,1,37.686,9.514,36.629,8.853
179,0,1,37.723,9.523,36.666,8.862
180,0,1,37.760,9.513,36.703,8.853
181,0,1,37.816,9.540,36.759,8.880
182,0,1,37.854,9.549,36.797,8.889
183,0,1,37.891,9.558,36.834,8.898
184,0,1,37.928,9.567,36.871,8.907
185,0,1,37.966,9.595,36.909,8.935
186,0,1,38.021,9.585,36.964,8.925
187,0,1,38.059,9.594,37.002,8.934
188,0,1,38.096,9.603,37.039,8.943
0,1,1,29.580,10.062,28.394,9.381
1,1,1,29.617,10.080,28.376,9.372
2,1,1,29.674,10.033,28.432,9.455
3,1,1,29.711,10.033,28.470,9.418
4,1,1,29.767,10.042,28.526,9.408
5,1,1,29.824,10.050,28.582,9.407
6,1,1,29.861,10.031,28.620,9.379
7,1,1,29.918,10.031,28.676,9.378
8,1,1,29.946,10.049,28.704,9.397
9,1,1,29.993,10.030,28.751,9.378
10,1,1,30.030,10.030,28.789,9.377
11,1,1,30.021,10.114,28.780,9.462
12,1,1,30.105,10.029,28.864,9.377
13,1,1,30.143,10.029,28.901,9.376
14,1,1,30.199,10.019,28.958,9.367
15,1,1,30.236,10.028,28.995,9.376
16,1,1,30.274,10.028,29.033,9.375
17,1,1,30.311,10.027,29.070,9.375
18,1,1,30.368,10.027,29.127,9.375
19,1,1,30.405,10.026,29.164,9.374
20,1,1,30.443,10.045,29.202,9.393
21,1,1,30.499,10.044,29.258,9.392
22,1,1,30.537,10.063,29.296,9.410
23,1,1,30.584,10.081,29.343,9.429
24,1,1,30.630,10.080,29.390,9.428
25,1,1,30.687,10.080,29.446,9.428
26,1,1,30.724,10.061,29.483,9.409
27,1,1,30.762,10.060,29.521,9.408
28,1,1,30.818,10.060,29.577,9.408
29,1,1,30.846,10.060,29.605,9.408
30,1,1,30.893,10.059,29.652,9.407
31,1,1,30.930,10.059,29.690,9.407
32,1,1,30.977,10.059,29.737,9.407
33,1,1,31.024,10.058,29.784,9.406
34,1,1,31.061,10.058,29.821,9.406
35,1,1,31.108,10.057,29.868,9.405
36,1,1,31.155,10.038,29.915,9.386
37,1,1,31.211,10.019,29.971,9.367
38,1,1,31.249,10.000,30.008,9.348
39,1,1,31.286,10.000,30.046,9.348
40,1,1,31.324,9.999,30.083,9.347
41,1,1,31.352,9.999,30.112,9.347
42,1,1,31.398,9.999,30.158,9.347
43,1,1,31.436,9.998,30.196,9.346
44,1,1,31.473,9.998,30.233,9.346
45,1,1,31.511,9.998,30.271,9.346
46,1,1,31.548,9.997,30.308,9.346
47,1,1,31.576,10.016,30.337,9.364
48,1,1,31.623,10.015,30.384,9.364
49,1,1,31.661,10.034,30.421,9.382
50,1,1,31.708,10.033,30.468,9.381
51,1,1,31.755,10.051,30.515,9.400
52,1,1,31.792,10.070,30.552,9.418
53,1,1,31.830,10.088,30.590,9.436
54,1,1,31.886,10.106,30.646,9.455
55,1,1,31.923,10.106,30.684,9.454
56,1,1,31.970,10.105,30.731,9.454
57,1,1,32.036,10.124,30.796,9.472
58,1,1,32.064,10.123,30.824,9.472
59,1,1,32.111,10.123,30.871,9.471
60,1,1,32.148,10.141,30.909,9.490
61,1,1,32.186,10.141,30.946,9.489
62,1,1,32.214,10.141,30.974,9.489
63,1,1,32.279,10.140,31.040,9.488
64,1,1,32.307,10.140,31.068,9.488
65,1,1,32.354,10.158,31.115,9.506
66,1,1,32.410,10.157,31.171,9.506
67,1,1,32.438,10.157,31.199,9.506
68,1,1,32.494,10.138,31.255,9.487
69,1,1,32.560,10.119,31.321,9.467
70,1,1,32.588,10.100,31.349,9.448
71,1,1,32.653,10.099,31.414,9.448
72,1,1,32.691,10.099,31.452,9.447
73,1,1,32.700,10.099,31.461,9.447
74,1,1,32.737,10.098,31.499,9.447
75,1,1,32.784,10.098,31.545,9.447
76,1,1,32.812,10.098,31.574,9.446
77,1,1,32.859,10.097,31.620,9.446
78,1,1,32.896,10.097,31.658,9.446
79,1,1,32.934,10.097,31.695,9.445
80,1,1,32.962,10.096,31.723,9.445
81,1,1,33.009,10.096,31.770,9.445
82,1,1,33.065,10.114,31.826,9.463
83,1,1,33.102,10.132,31.864,9.481
84,1,1,33.159,10.151,31.920,9.499
85,1,1,33.215,10.169,31.976,9.518
86,1,1,33.252,10.168,32.014,9.517
87,1,1,33.308,10.168,32.070,9.517
88,1,1,33.336,10.186,32.098,9.535
89,1,1,33.383,10.186,32.145,9.535
90,1,1,33.439,10.185,32.201,9.534
91,1,1,33.449,10.204,32.210,9.553
92,1,1,33.495,10.203,32.257,9.552
93,1,1,33.552,10.203,32.313,9.552
94,1,1,33.580,10.221,32.342,9.570
95,1,1,33.636,10.221,32.398,9.570
96,1,1,33.701,10.220,32.463,9.569
97,1,1,33.729,10.239,32.491,9.588
98,1,1,33.795,10.238,32.557,9.587
99,1,1,33.851,10.238,32.613,9.587
100,1,1,33.879,10.219,32.641,9.568
101,1,1,33.935,10.218,32.697,9.567
102,1,1,33.981,10.218,32.744,9.567
103,1,1,33.991,10.218,32.753,9.567
104,1,1,34.037,10.217,32.800,9.566
105,1,1,34.056,10.217,32.818,9.566
106,1,1,34.094,10.217,32.856,9.566
107,1,1,34.103,10.217,32.865,9.566
108,1,1,34.150,10.216,32.912,9.565
109,1,1,34.178,10.216,32.940,9.565
110,1,1,34.234,10.234,32.996,9.583
111,1,1,34.281,10.252,33.043,9.601
112,1,1,34.337,10.252,33.099,9.601
113,1,1,34.383,10.270,33.146,9.619
114,1,1,34.458,10.288,33.230,9.637
116,1,1,34.449,10.279,33.221,9.628
117,1,1,34.467,10.278,33.239,9.628
118,1,1,34.524,10.297,33.296,9.646
119,1,1,34.542,10.278,33.314,9.627
120,1,1,34.598,10.296,33.370,9.645
121,1,1,34.636,10.277,33.408,9.626
122,1,1,34.673,10.277,33.445,9.626
123,1,1,34.710,10.276,33.482,9.625
124,1,1,34.766,10.276,33.538,9.625
125,1,1,34.841,10.275,33.613,9.624
126,1,1,34.878,10.293,33.651,9.643
127,1,1,34.916,10.293,33.688,9.642
128,1,1,34.953,10.293,33.725,9.642
129,1,1,35.009,10.273,33.781,9.623
130,1,1,35.046,10.292,33.819,9.641
131,1,1,35.084,10.273,33.856,9.622
132,1,1,35.121,10.272,33.893,9.622
133,1,1,35.158,10.272,33.931,9.621
134,1,1,35.195,10.272,33.968,9.621
135,1,1,35.214,10.272,33.987,9.621
136,1,1,35.270,10.271,34.043,9.620
137,1,1,35.289,10.271,34.062,9.620
138,1,1,35.345,10.270,34.118,9.620
139,1,1,35.382,10.289,34.155,9.638
140,1,1,35.419,10.270,34.192,9.619
141,1,1,35.457,10.288,34.230,9.637
142,1,1,35.494,10.288,34.267,9.637
143,1,1,35.550,10.287,34.323,9.637
144,1,1,35.606,10.305,34.379,9.655
145,1,1,35.644,10.324,34.417,9.673
146,1,1,35.681,10.323,34.454,9.673
147,1,1,35.718,10.341,34.491,9.691
148,1,1,35.756,10.360,34.529,9.709
149,1,1,35.990,10.451,34.809,9.781
150,1,1,35.999,10.432,34.781,9.782
151,1,1,36.045,10.432,34.828,9.781
152,1,1,36.073,10.431,34.856,9.781
153,1,1,36.120,10.450,34.903,9.799
154,1,1,36.148,10.468,34.931,9.817
155,1,1,36.195,10.449,34.977,9.798
156,1,1,36.241,10.467,35.024,9.817
157,1,1,36.288,10.467,35.071,9.816
158,1,1,36.335,10.466,35.117,9.816
159,1,1,36.400,10.484,35.183,9.834
160,1,1,36.428,10.503,35.211,9.852
161,1,1,36.493,10.483,35.276,9.833
162,1,1,36.521,10.502,35.304,9.851
163,1,1,36.568,10.483,35.351,9.832
164,1,1,36.614,10.482,35.397,9.832
165,1,1,36.661,10.482,35.444,9.832
166,1,1,36.689,10.500,35.472,9.850
167,1,1,36.735,10.481,35.519,9.831
168,1,1,36.763,10.499,35.547,9.849
169,1,1,36.829,10.499,35.612,9.849
170,1,1,36.857,10.517,35.640,9.867
171,1,1,36.904,10.535,35.687,9.885
172,1,1,36.931,10.535,35.715,9.885
173,1,1,36.997,10.535,35.780,9.884
174,1,1,37.025,10.534,35.808,9.884
175,1,1,37.071,10.552,35.855,9.902
176,1,1,37.118,10.571,35.902,9.921
177,1,1,37.165,10.570,35.948,9.920
178,1,1,37.193,10.589,35.976,9.938
179,1,1,37.239,10.607,36.023,9.957
180,1,1,37.267,10.606,36.051,9.956
181,1,1,37.314,10.606,36.098,9.956
182,1,1,37.360,10.606,36.144,9.956
183,1,1,37.407,10.605,36.191,9.955
184,1,1,37.435,10.605,36.219,9.955
185,1,1,37.482,10.623,36.265,9.973
186,1,1,37.528,10.641,36.312,9.991
187,1,1,37.575,10.641,36.359,9.991
188,1,1,37.603,10.641,36.387,9.991
0,2,1,29.555,10.782,28.425,10.072
1,2,1,29.583,10.801,28.406,10.063
2,2,1,29.630,10.791,28.453,10.053
3,2,1,29.658,10.781,28.481,10.044
4,2,1,29.714,10.790,28.538,10.053
5,2,1,29.752,10.780,28.575,10.043
6,2,1,29.789,10.789,28.613,10.052
7,2,1,29.846,10.779,28.669,10.042
8,2,1,29.883,10.788,28.707,10.051
9,2,1,29.921,10.797,28.744,10.060
10,2,1,29.977,10.806,28.801,10.069
11,2,1,30.014,10.722,28.838,9.985
12,2,1,30.052,10.824,28.876,10.087
13,2,1,30.108,10.814,28.932,10.077
14,2,1,30.146,10.842,28.970,10.105
15,2,1,30.202,10.832,29.026,10.095
16,2,1,30.240,10.841,29.064,10.104
17,2,1,30.287,10.831,29.111,10.094
18,2,1,30.334,10.840,29.158,10.103
19,2,1,30.371,10.849,29.195,10.112
20,2,1,30.409,10.858,29.233,10.121
21,2,1,30.465,10.848,29.289,10.111
22,2,1,30.503,10.857,29.327,10.120
23,2,1,30.540,10.848,29.364,10.111
24,2,1,30.578,10.857,29.402,10.120
25,2,1,30.615,10.847,29.439,10.110
26,2,1,30.653,10.856,29.477,10.119
27,2,1,30.690,10.865,29.514,10.128
28,2,1,30.747,10.874,29.571,10.137
29,2,1,30.784,10.864,29.608,10.127
30,2,1,30.840,10.873,29.665,10.136
31,2,1,30.878,10.863,29.702,10.126
32,2,1,30.915,10.872,29.740,10.135
33,2,1,30.953,10.862,29.777,10.126
34,2,1,30.990,10.871,29.815,10.135
35,2,1,31.047,10.861,29.871,10.125
36,2,1,31.084,10.870,29.909,10.134
37,2,1,31.122,10.861,29.946,10.124
38,2,1,31.178,10.870,30.002,10.133
39,2,1,31.215,10.860,30.040,10.123
40,2,1,31.253,10.869,30.077,10.132
41,2,1,31.290,10.878,30.115,10.141
42,2,1,31.328,10.887,30.153,10.150
43,2,1,31.384,10.877,30.209,10.140
44,2,1,31.422,10.886,30.246,10.149
45,2,1,31.459,10.895,30.284,10.158
46,2,1,31.497,10.904,30.321,10.167
47,2,1,31.534,10.894,30.359,10.158
48,2,1,31.572,10.903,30.396,10.167
49,2,1,31.628,10.912,30.453,10.175
50,2,1,31.665,10.921,30.490,10.184
51,2,1,31.722,10.911,30.547,10.175
52,2,1,31.759,10.920,30.584,10.184
53,2,1,31.815,10.910,30.640,10.174
54,2,1,31.853,10.938,30.678,10.201
55,2,1,31.890,10.928,30.715,10.192
56,2,1,31.928,10.937,30.753,10.201
57,2,1,31.965,10.946,30.790,10.210
58,2,1,32.003,10.955,30.828,10.219
59,2,1,32.040,10.945,30.865,10.209
60,2,1,32.078,10.954,30.903,10.218
61,2,1,32.134,10.963,30.959,10.227
62,2,1,32.172,10.972,30.997,10.236
63,2,1,32.209,10.963,31.034,10.226
64,2,1,32.246,10.971,31.072,10.235
65,2,1,32.284,10.980,31.109,10.244
66,2,1,32.321,10.971,31.147,10.234
67,2,1,32.378,10.980,31.203,10.243
68,2,1,32.415,10.970,31.240,10.234
69,2,1,32.471,10.979,31.297,10.242
70,2,1,32.509,10.988,31.334,10.251
71,2,1,32.565,10.978,31.390,10.242
72,2,1,32.602,10.987,31.428,10.251
73,2,1,32.640,10.996,31.465,10.260
74,2,1,32.677,11.005,31.503,10.269
75,2,1,32.715,10.995,31.540,10.259
76,2,1,32.752,11.004,31.578,10.268
77,2,1,32.789,10.994,31.615,10.258
78,2,1,32.827,11.003,31.653,10.267
79,2,1,32.864,10.994,31.690,10.257
80,2,1,32.902,11.003,31.728,10.266
81,2,1,32.958,10.993,31.784,10.257
82,2,1,32.995,11.002,31.821,10.266
83,2,1,33.051,10.992,31.877,10.256
84,2,1,33.089,11.001,31.915,10.265
85,2,1,33.145,10.991,31.971,10.255
86,2,1,33.182,11.000,32.008,10.264
87,2,1,33.220,11.009,32.046,10.273
88,2,1,33.276,11.018,32.102,10.282
89,2,1,33.332,11.026,32.158,10.290
90,2,1,33.370,11.035,32.196,10.299
91,2,1,33.407,11.026,32.233,10.290
92,2,1,33.445,11.035,32.271,10.299
93,2,1,33.482,11.025,32.308,10.289
94,2,1,33.501,11.034,32.327,10.298
95,2,1,33.538,11.024,32.364,10.289
96,2,1,33.594,11.033,32.421,10.297
97,2,1,33.632,11.024,32.458,10.288
98,2,1,33.669,11.033,32.495,10.297
99,2,1,33.725,11.004,32.551,10.268
100,2,1,33.762,11.013,32.589,10.277
101,2,1,33.818,11.003,32.645,10.267
102,2,1,33.856,11.012,32.682,10.276
103,2,1,33.912,10.983,32.738,10.248
104,2,1,33.949,10.992,32.776,10.257
105,2,1,34.005,11.001,32.832,10.266
106,2,1,34.043,10.992,32.869,10.256
107,2,1,34.080,10.982,32.907,10.246
108,2,1,34.117,10.991,32.944,10.255
109,2,1,34.155,11.000,32.982,10.264
110,2,1,34.192,11.009,33.019,10.273
111,2,1,34.230,10.999,33.056,10.264
112,2,1,34.267,11.008,33.094,10.273
113,2,1,34.323,11.017,33.150,10.281
114,2,1,34.361,11.026,33.187,10.290
115,2,1,34.417,11.035,33.244,10.299
116,2,1,34.454,11.044,33.281,10.308
117,2,1,34.510,11.034,33.337,10.298
118,2,1,34.548,11.061,33.375,10.326
119,2,1,34.585,11.052,33.412,10.316
120,2,1,34.641,11.060,33.468,10.325
121,2,1,34.678,11.069,33.506,10.334
122,2,1,34.716,11.078,33.543,10.343
123,2,1,34.753,11.087,33.581,10.352
124,2,1,34.772,11.097,33.599,10.361
125,2,1,34.828,11.105,33.655,10.370
126,2,1,34.847,11.114,33.674,10.379
127,2,1,34.884,11.105,33.711,10.369
128,2,1,34.940,11.114,33.768,10.378
129,2,1,34.978,11.104,33.805,10.369
130,2,1,35.015,11.113,33.842,10.378
131,2,1,35.071,11.122,33.898,10.386
132,2,1,35.108,11.131,33.936,10.395
133,2,1,35.164,11.121,33.992,10.385
134,2,1,35.202,11.130,34.029,10.394
135,2,1,35.239,11.120,34.067,10.385
136,2,1,35.295,11.129,34.123,10.394
137,2,1,35.332,11.119,34.160,10.384
138,2,1,35.370,11.128,34.197,10.393
139,2,1,35.407,11.137,34.235,10.402
140,2,1,35.445,11.146,34.272,10.411
141,2,1,35.482,11.136,34.310,10.401
142,2,1,35.519,11.164,34.347,10.429
143,2,1,35.557,11.154,34.384,10.419
144,2,1,35.594,11.182,34.422,10.447
145,2,1,35.631,11.172,34.459,10.437
146,2,1,35.688,11.200,34.515,10.465
147,2,1,35.529,11.229,34.522,10.073
148,2,1,35.566,11.210,34.578,10.035
149,2,1,35.585,11.266,34.469,10.540
150,2,1,35.604,11.247,34.487,10.437
151,2,1,35.641,11.256,34.525,10.446
152,2,1,35.697,11.246,34.581,10.436
153,2,1,35.735,11.274,34.618,10.464
154,2,1,35.772,11.264,34.655,10.454
155,2,1,35.791,11.292,34.674,10.482
156,2,1,35.828,11.282,34.712,10.472
157,2,1,35.847,11.310,34.730,10.500
158,2,1,35.884,11.319,34.768,10.509
159,2,1,35.903,11.328,34.787,10.518
160,2,1,35.941,11.337,34.824,10.527
161,2,1,35.978,11.346,34.861,10.536
162,2,1,36.015,11.336,34.899,10.526
163,2,1,36.071,11.345,34.955,10.535
164,2,1,36.109,11.354,34.992,10.544
165,2,1,36.165,11.363,35.048,10.553
166,2,1,36.221,11.353,35.104,10.543
167,2,1,36.277,11.362,35.160,10.552
168,2,1,36.332,11.352,35.216,10.542
169,2,1,36.388,11.342,35.272,10.532
170,2,1,36.426,11.332,35.309,10.522
171,2,1,36.463,11.341,35.347,10.531
172,2,1,36.481,11.332,35.365,10.522
173,2,1,36.519,11.341,35.403,10.531
174,2,1,36.556,11.350,35.440,10.540
175,2,1,36.575,11.359,35.459,10.549
176,2,1,36.612,11.349,35.496,10.539
177,2,1,36.649,11.358,35.533,10.548
178,2,1,36.705,11.367,35.589,10.557
179,2,1,36.743,11.376,35.627,10.566
180,2,1,36.799,11.366,35.683,10.556
181,2,1,36.855,11.375,35.739,10.565
182,2,1,36.911,11.384,35.795,10.574
183,2,1,36.948,11.392,35.832,10.583
184,2,1,37.004,11.383,35.888,10.573
185,2,1,37.060,11.391,35.944,10.582
186,2,1,37.097,11.400,35.981,10.591
187,2,1,37.116,11.428,36.000,10.618
188,2,1,37.153,11.437,36.038,10.627
0,3,1,27.448,10.334,26.533,9.622
1,3,1,27.476,10.352,26.524,9.612
2,3,1,27.523,10.343,26.571,9.603
3,3,1,27.570,10.352,26.618,9.612
4,3,1,27.617,10.361,26.665,9.621
5,3,1,27.918,10.330,26.703,9.601
6,3,1,27.890,10.330,26.712,9.601
7,3,1,27.927,10.330,26.750,9.601
8,3,1,28.012,10.338,26.834,9.610
9,3,1,28.021,10.329,26.844,9.600
10,3,1,28.059,10.328,26.881,9.600
11,3,1,28.210,10.364,27.032,9.636
12,3,1,28.134,10.187,26.957,9.740
13,3,1,28.171,10.121,26.995,9.805
14,3,1,28.106,10.290,27.042,9.720
15,3,1,28.228,10.355,27.042,9.748
16,3,1,28.219,10.280,27.145,9.719
17,3,1,28.294,10.326,27.220,9.690
18,3,1,28.332,10.326,27.239,9.690
19,3,1,28.331,10.260,27.230,9.746
20,3,1,28.378,10.251,27.277,9.737
21,3,1,28.444,10.259,27.343,9.745
22,3,1,28.482,10.231,27.380,9.717
23,3,1,28.529,10.240,27.427,9.726
24,3,1,28.557,10.230,27.456,9.716
25,3,1,28.613,10.220,27.512,9.707
26,3,1,28.670,10.210,27.568,9.697
27,3,1,28.688,10.220,27.587,9.706
28,3,1,28.783,10.322,27.578,9.640
29,3,1,28.735,10.247,27.625,9.715
30,3,1,28.782,10.237,27.672,9.705
31,3,1,28.811,10.247,27.700,9.714
32,3,1,28.839,10.237,27.728,9.705
33,3,1,28.867,10.246,27.756,9.714
34,3,1,28.914,10.236,27.803,9.704
35,3,1,28.942,10.264,27.832,9.732
36,3,1,28.970,10.292,27.860,9.760
37,3,1,28.999,10.320,27.888,9.787
38,3,1,29.046,10.329,27.935,9.796
39,3,1,29.158,10.271,28.085,9.645
40,3,1,29.167,10.225,28.067,9.683
41,3,1,29.205,10.224,28.104,9.683
42,3,1,29.261,10.224,28.161,9.682
43,3,1,29.299,10.223,28.198,9.682
44,3,1,29.336,10.223,28.236,9.681
45,3,1,29.393,10.223,28.292,9.681
46,3,1,29.430,10.222,28.330,9.681
47,3,1,29.468,10.241,28.367,9.699
48,3,1,29.505,10.240,28.405,9.699
49,3,1,29.543,10.240,28.442,9.698
50,3,1,29.581,10.240,28.480,9.698
51,3,1,29.618,10.239,28.518,9.698
52,3,1,29.656,10.239,28.555,9.697
53,3,1,29.693,10.238,28.593,9.697
54,3,1,29.712,10.220,28.611,9.678
55,3,1,29.749,10.201,28.649,9.659
56,3,1,29.787,10.182,28.686,9.640
57,3,1,29.843,10.162,28.743,9.621
58,3,1,29.899,10.143,28.799,9.602
59,3,1,29.947,10.292,28.912,9.685
60,3,1,29.975,10.255,28.884,9.713
61,3,1,30.003,10.254,28.912,9.713
62,3,1,30.050,10.254,28.959,9.712
63,3,1,30.078,10.272,28.987,9.731
64,3,1,30.125,10.272,29.034,9.730
65,3,1,30.153,10.272,29.062,9.730
66,3,1,30.200,10.271,29.109,9.730
67,3,1,30.228,10.271,29.137,9.729
68,3,1,30.256,10.271,29.166,9.729
69,3,1,30.284,10.270,29.194,9.729
70,3,1,30.313,10.289,29.222,9.747
71,3,1,30.341,10.289,29.250,9.747
72,3,1,30.369,10.307,29.278,9.766
73,3,1,30.378,10.326,29.288,9.784
74,3,1,30.407,10.344,29.316,9.803
75,3,1,30.491,10.315,29.409,9.671
76,3,1,30.491,10.269,29.410,9.727
77,3,1,30.528,10.268,29.447,9.727
78,3,1,30.566,10.287,29.485,9.745
79,3,1,30.603,10.286,29.522,9.745
80,3,1,30.622,10.286,29.541,9.745
81,3,1,30.641,10.286,29.560,9.744
82,3,1,30.678,10.285,29.597,9.744
83,3,1,30.697,10.285,29.616,9.744
84,3,1,30.716,10.285,29.635,9.744
85,3,1,30.753,10.303,29.673,9.762
86,3,1,30.772,10.303,29.691,9.762
87,3,1,30.791,10.303,29.710,9.762
88,3,1,30.828,10.321,29.748,9.780
89,3,1,30.847,10.321,29.766,9.780
90,3,1,30.866,10.321,29.785,9.780
91,3,1,30.885,10.340,29.804,9.798
92,3,1,30.922,10.339,29.842,9.798
93,3,1,30.941,10.339,29.860,9.798
94,3,1,30.960,10.320,29.879,9.779
95,3,1,30.997,10.320,29.916,9.779
96,3,1,31.016,10.301,29.935,9.760
97,3,1,31.053,10.282,29.973,9.741
98,3,1,31.091,10.282,30.010,9.740
99,3,1,31.128,10.281,30.048,9.740
100,3,1,31.147,10.281,30.066,9.740
101,3,1,31.185,10.430,30.095,9.833
102,3,1,31.176,10.393,30.095,9.852
103,3,1,31.194,10.393,30.114,9.852
104,3,1,31.213,10.411,30.133,9.870
105,3,1,31.251,10.411,30.170,9.870
106,3,1,31.269,10.429,30.189,9.888
107,3,1,31.288,10.429,30.208,9.888
108,3,1,31.326,10.429,30.245,9.888
109,3,1,31.363,10.429,30.283,9.887
110,3,1,31.382,10.447,30.302,9.906
111,3,1,31.401,10.447,30.320,9.906
112,3,1,31.438,10.447,30.358,9.905
113,3,1,31.476,10.428,30.395,9.886
114,3,1,31.513,10.427,30.433,9.886
115,3,1,31.532,10.427,30.451,9.886
116,3,1,31.550,10.427,30.470,9.886
117,3,1,31.607,10.426,30.526,9.885
118,3,1,31.607,10.426,30.526,9.885
119,3,1,31.644,10.426,30.564,9.885
120,3,1,31.682,10.426,30.601,9.884
121,3,1,31.700,10.425,30.620,9.884
122,3,1,31.757,10.444,30.677,9.902
123,3,1,31.775,10.443,30.695,9.902
124,3,1,31.832,10.462,30.752,9.920
125,3,1,31.850,10.480,30.770,9.939
126,3,1,31.907,10.480,30.827,9.938
127,3,1,31.925,10.498,30.845,9.957
128,3,1,31.982,10.516,30.902,9.975
129,3,1,32.019,10.516,30.939,9.975
130,3,1,32.057,10.534,30.977,9.993
131,3,1,32.094,10.553,31.014,10.011
132,3,1,32.132,10.552,31.052,10.011
133,3,1,32.169,10.571,31.089,10.029
134,3,1,32.206,10.514,31.127,10.076
135,3,1,32.244,10.476,31.165,10.122
136,3,1,32.262,10.476,31.184,10.122
137,3,1,32.319,10.476,31.240,10.122
138,3,1,32.337,10.438,31.259,10.159
139,3,1,32.393,10.438,31.315,10.158
140,3,1,32.450,10.587,31.333,10.046
141,3,1,32.459,10.549,31.408,9.989
142,3,1,32.468,10.418,31.399,10.120
143,3,1,32.515,10.418,31.446,10.120
144,3,1,32.552,10.427,31.483,10.129
145,3,1,32.599,10.426,31.530,10.128
146,3,1,32.731,10.631,31.502,10.016
147,3,1,32.721,10.556,31.595,10.016
148,3,1,32.759,10.584,31.614,10.015
149,3,1,32.721,10.463,31.652,10.136
150,3,1,32.796,10.583,31.717,9.949
151,3,1,32.815,10.583,31.801,9.986
152,3,1,32.843,10.574,31.829,9.967
153,3,1,32.861,10.443,31.811,10.088
154,3,1,32.898,10.442,31.848,10.088
155,3,1,32.936,10.451,31.886,10.097
156,3,1,32.983,10.451,31.933,10.096
157,3,1,33.030,10.460,31.980,10.105
158,3,1,33.067,10.459,32.017,10.105
159,3,1,33.104,10.468,32.054,10.114
160,3,1,33.151,10.468,32.101,10.114
161,3,1,33.207,10.477,32.157,10.122
162,3,1,33.254,10.476,32.204,10.122
163,3,1,33.291,10.476,32.242,10.122
164,3,1,33.338,10.485,32.289,10.131
165,3,1,33.394,10.484,32.345,10.130
166,3,1,33.441,10.484,32.391,10.130
167,3,1,33.479,10.493,32.429,10.139
168,3,1,33.516,10.493,32.466,10.138
169,3,1,33.553,10.492,32.504,10.138
170,3,1,33.600,10.492,32.551,10.138
171,3,1,33.637,10.482,32.588,10.128
172,3,1,33.684,10.482,32.635,10.127
173,3,1,33.712,10.472,32.663,10.118
174,3,1,33.759,10.472,32.710,10.117
175,3,1,33.796,10.462,32.747,10.108
176,3,1,33.834,10.462,32.784,10.107
177,3,1,33.880,10.461,32.831,10.107
178,3,1,33.927,10.461,32.878,10.107
180,3,1,33.918,10.451,32.868,10.097
181,3,1,34.068,10.609,32.980,10.003
182,3,1,34.039,10.478,32.990,10.115
183,3,1,34.086,10.478,33.037,10.114
184,3,1,34.142,10.468,33.093,10.105
185,3,1,34.179,10.458,33.130,10.095
186,3,1,34.217,10.458,33.168,10.095
187,3,1,34.254,10.458,33.205,10.094
188,3,1,34.291,10.448,33.242,10.085
0,4,1,27.751,11.146,26.544,10.324
1,4,1,27.789,11.174,26.525,10.314
2,4,1,27.826,11.154,26.563,10.295
3,4,1,27.845,11.173,26.582,10.314
4,4,1,27.883,11.163,26.619,10.304
5,4,1,27.920,11.144,26.657,10.285
6,4,1,27.977,11.144,26.714,10.285
7,4,1,28.033,11.134,26.770,10.275
8,4,1,28.061,11.115,26.798,10.256
9,4,1,28.109,11.133,26.845,10.274
10,4,1,28.146,11.123,26.883,10.264
11,4,1,28.043,11.077,26.872,9.675
12,4,1,28.061,10.824,26.854,9.937
13,4,1,28.089,10.759,26.882,9.993
14,4,1,28.221,11.038,27.053,10.375
15,4,1,28.296,11.009,27.053,10.375
16,4,1,28.409,11.027,27.166,10.337
17,4,1,28.428,11.083,27.213,10.374
18,4,1,28.419,11.055,27.213,10.383
19,4,1,28.447,11.055,27.241,10.383
20,4,1,28.475,11.055,27.269,10.382
21,4,1,28.522,11.054,27.316,10.382
22,4,1,28.569,11.054,27.363,10.382
23,4,1,28.597,11.053,27.391,10.381
24,4,1,28.663,11.053,27.457,10.381
25,4,1,28.710,11.052,27.504,10.380
26,4,1,28.757,11.052,27.551,10.380
27,4,1,28.766,11.052,27.561,10.380
28,4,1,28.795,11.051,27.589,10.379
29,4,1,28.823,11.051,27.617,10.379
30,4,1,28.870,11.051,27.664,10.379
31,4,1,28.917,11.069,27.711,10.397
32,4,1,28.964,11.069,27.758,10.397
33,4,1,28.992,11.068,27.787,10.396
34,4,1,29.039,11.068,27.834,10.396
35,4,1,29.067,11.068,27.862,10.396
36,4,1,29.114,11.067,27.909,10.395
37,4,1,29.142,11.067,27.937,10.395
38,4,1,29.189,11.066,27.984,10.395
39,4,1,29.217,11.066,28.012,10.394
40,4,1,29.264,11.066,28.059,10.394
41,4,1,29.293,11.065,28.087,10.394
42,4,1,29.358,11.065,28.153,10.393
43,4,1,29.387,11.046,28.181,10.374
44,4,1,29.452,11.045,28.247,10.373
45,4,1,29.462,11.045,28.257,10.373
46,4,1,29.490,11.045,28.285,10.373
47,4,1,29.518,11.044,28.313,10.373
48,4,1,29.565,11.044,28.360,10.372
49,4,1,29.593,11.044,28.388,10.372
50,4,1,29.640,11.043,28.435,10.372
51,4,1,29.668,11.062,28.463,10.390
52,4,1,29.715,11.080,28.511,10.408
53,4,1,29.743,11.061,28.539,10.389
54,4,1,29.772,11.079,28.567,10.408
55,4,1,29.781,11.079,28.576,10.408
56,4,1,29.809,11.079,28.604,10.408
57,4,1,29.819,11.079,28.614,10.407
58,4,1,29.866,11.079,28.661,10.407
59,4,1,29.875,11.078,28.670,10.407
60,4,1,29.903,11.078,28.698,10.407
61,4,1,29.894,11.078,28.689,10.407
62,4,1,29.922,11.078,28.717,10.406
63,4,1,29.912,11.078,28.708,10.407
64,4,1,29.941,11.097,28.736,10.425
65,4,1,29.950,11.115,28.746,10.444
66,4,1,29.978,11.096,28.774,10.425
67,4,1,30.006,11.115,28.802,10.443
68,4,1,30.035,11.096,28.830,10.424
69,4,1,30.044,11.096,28.839,10.424
70,4,1,30.072,11.095,28.868,10.424
71,4,1,30.082,11.095,28.877,10.424
72,4,1,30.110,11.095,28.905,10.423
73,4,1,30.119,11.095,28.915,10.423
74,4,1,30.147,11.095,28.943,10.423
75,4,1,30.157,11.094,28.952,10.423
76,4,1,30.166,11.094,28.962,10.423
77,4,1,30.194,11.075,28.990,10.404
78,4,1,30.222,11.056,29.018,10.385
79,4,1,30.232,11.075,29.027,10.404
80,4,1,30.260,11.056,29.055,10.385
81,4,1,30.288,11.056,29.083,10.384
82,4,1,30.335,11.055,29.130,10.384
83,4,1,30.363,11.074,29.159,10.402
84,4,1,30.391,11.055,29.187,10.383
85,4,1,30.400,11.073,29.196,10.402
86,4,1,30.429,11.073,29.224,10.402
87,4,1,30.438,11.073,29.234,10.402
88,4,1,30.485,11.091,29.281,10.420
89,4,1,30.513,11.110,29.309,10.438
90,4,1,30.541,11.109,29.337,10.438
91,4,1,30.570,11.109,29.365,10.438
92,4,1,30.598,11.128,29.394,10.456
93,4,1,30.626,11.146,29.422,10.475
94,4,1,30.654,11.146,29.450,10.474
95,4,1,30.682,11.146,29.478,10.474
96,4,1,30.729,11.164,29.525,10.492
97,4,1,30.757,11.182,29.553,10.511
98,4,1,30.804,11.182,29.600,10.510
99,4,1,30.833,11.200,29.629,10.529
100,4,1,30.861,11.219,29.657,10.547
101,4,1,30.870,11.219,29.666,10.547
102,4,1,30.917,11.218,29.713,10.547
103,4,1,30.945,11.218,29.741,10.547
104,4,1,30.973,11.218,29.769,10.546
105,4,1,31.001,11.217,29.798,10.546
106,4,1,31.030,11.217,29.826,10.546
107,4,1,31.058,11.217,29.854,10.546
108,4,1,31.105,11.235,29.901,10.564
109,4,1,31.133,11.253,29.929,10.582
110,4,1,31.198,11.234,29.995,10.563
111,4,1,31.227,11.252,30.023,10.581
112,4,1,31.273,11.233,30.070,10.562
113,4,1,31.320,11.233,30.117,10.562
114,4,1,31.367,11.232,30.164,10.561
115,4,1,31.414,11.232,30.211,10.561
116,4,1,31.461,11.231,30.257,10.560
117,4,1,31.508,11.231,30.304,10.560
118,4,1,31.573,11.212,30.370,10.541
119,4,1,31.601,11.211,30.398,10.540
120,4,1,31.648,11.211,30.445,10.540
121,4,1,31.676,11.211,30.473,10.540
122,4,1,31.723,11.210,30.520,10.539
123,4,1,31.770,11.228,30.567,10.558
124,4,1,31.817,11.247,30.614,10.576
125,4,1,31.845,11.246,30.642,10.576
126,4,1,31.911,11.246,30.708,10.575
127,4,1,31.939,11.246,30.736,10.575
128,4,1,31.986,11.245,30.783,10.574
129,4,1,32.033,11.245,30.830,10.574
130,4,1,32.079,11.244,30.876,10.573
131,4,1,32.126,11.244,30.923,10.573
132,4,1,32.173,11.225,30.970,10.554
133,4,1,31.958,11.367,31.183,10.057
134,4,1,31.996,11.357,31.248,9.981
135,4,1,32.052,11.375,31.314,9.999
136,4,1,32.090,11.422,31.417,9.980
137,4,1,32.052,11.357,31.379,9.952
138,4,1,32.155,11.346,31.473,9.961
139,4,1,32.202,11.336,31.436,10.017
140,4,1,32.408,11.325,31.374,10.662
141,4,1,32.511,11.324,31.486,10.586
142,4,1,32.463,11.194,31.486,10.558
143,4,1,32.566,11.249,31.551,10.586
144,4,1,32.576,11.295,31.551,10.595
145,4,1,32.566,11.202,31.560,10.511
146,4,1,32.782,11.349,31.524,10.689
147,4,1,32.707,11.294,31.599,10.660
148,4,1,32.782,11.349,31.617,10.641
149,4,1,32.698,11.332,31.701,10.640
150,4,1,32.791,11.303,31.664,10.641
151,4,1,32.801,11.321,31.804,10.639
152,4,1,32.791,11.312,31.795,10.630
153,4,1,32.838,11.302,31.842,10.620
154,4,1,32.885,11.311,31.889,10.629
155,4,1,32.932,11.301,31.936,10.619
156,4,1,32.960,11.310,31.964,10.628
157,4,1,32.988,11.301,31.992,10.619
158,4,1,33.016,11.310,32.020,10.628
159,4,1,33.063,11.319,32.067,10.637
160,4,1,33.110,11.328,32.114,10.646
161,4,1,33.156,11.318,32.160,10.636
162,4,1,33.184,11.327,32.188,10.645
163,4,1,33.231,11.336,32.235,10.654
164,4,1,33.278,11.345,32.282,10.663
165,4,1,33.325,11.353,32.329,10.672
166,4,1,33.372,11.362,32.376,10.681
167,4,1,33.419,11.353,32.423,10.671
168,4,1,33.447,11.362,32.451,10.680
169,4,1,33.493,11.352,32.497,10.670
170,4,1,33.521,11.361,32.526,10.679
171,4,1,33.587,11.370,32.591,10.688
172,4,1,33.634,11.397,32.638,10.716
173,4,1,33.662,11.387,32.666,10.706
174,4,1,33.671,11.397,32.676,10.715
175,4,1,33.718,11.387,32.722,10.705
176,4,1,33.727,11.396,32.732,10.715
177,4,1,33.755,11.387,32.760,10.705
178,4,1,33.784,11.396,32.788,10.714
180,4,1,33.774,11.386,32.778,10.705
181,4,1,34.111,11.411,32.984,10.619
182,4,1,34.036,11.356,33.040,10.674
183,4,1,34.064,11.365,33.068,10.683
184,4,1,34.110,11.355,33.115,10.674
185,4,1,34.138,11.345,33.143,10.664
186,4,1,34.204,11.335,33.208,10.654
187,4,1,34.250,11.326,33.255,10.644
188,4,1,34.316,11.316,33.321,10.634
0,5,1,31.034,10.095,29.962,9.461
1,5,1,31.062,10.114,29.943,9.451
2,5,1,31.165,10.057,30.084,9.385
3,5,1,31.146,10.038,30.121,9.366
4,5,1,31.146,10.020,30.187,9.375
5,5,1,31.202,10.019,30.290,9.364
6,5,1,31.202,10.047,30.318,9.364
7,5,1,31.230,10.066,30.468,9.344
8,5,1,31.305,10.028,30.374,9.364
9,5,1,31.342,10.037,30.412,9.373
10,5,1,31.380,10.046,30.449,9.382
11,5,1,31.445,10.036,30.515,9.372
12,5,1,31.492,10.044,30.562,9.381
13,5,1,31.511,10.054,30.580,9.390
14,5,1,31.567,10.062,30.637,9.399
15,5,1,31.586,10.053,30.655,9.389
16,5,1,31.642,10.062,30.712,9.398
17,5,1,0.548,10.953,-0.401,10.278
26,5,1,32.111,10.123,31.208,9.338
27,5,1,32.148,10.113,31.245,9.328
28,5,1,32.204,10.122,31.301,9.337
29,5,1,32.242,10.112,31.339,9.327
30,5,1,32.298,10.121,31.395,9.336
31,5,1,32.335,10.111,31.432,9.326
32,5,1,32.391,10.092,31.489,9.307
33,5,1,32.429,10.092,31.526,9.307
34,5,1,32.485,10.082,31.582,9.297
35,5,1,32.541,10.072,31.638,9.287
36,5,1,32.597,10.053,31.694,9.268
37,5,1,32.653,10.025,31.750,9.240
38,5,1,32.709,10.043,31.807,9.258
39,5,1,32.746,10.024,31.844,9.239
40,5,1,32.784,10.023,31.881,9.239
41,5,1,32.821,10.004,31.919,9.220
42,5,1,32.858,10.004,31.956,9.219
43,5,1,32.896,9.994,31.993,9.210
44,5,1,32.952,10.003,32.050,9.218
45,5,1,32.989,9.984,32.087,9.199
46,5,1,33.027,10.003,32.124,9.218
47,5,1,33.083,9.983,32.180,9.199
48,5,1,33.120,10.002,32.218,9.217
49,5,1,33.176,9.992,32.274,9.207
50,5,1,33.214,10.001,32.312,9.216
51,5,1,33.270,9.982,32.368,9.197
52,5,1,33.307,10.019,32.405,9.234
53,5,1,33.363,10.018,32.461,9.234
54,5,1,33.382,9.981,32.602,9.316
55,5,1,33.419,10.018,32.564,9.279
56,5,1,33.391,9.971,32.621,9.335
57,5,1,33.419,10.008,32.593,9.298
58,5,1,33.466,10.027,32.639,9.316
59,5,1,33.513,10.026,32.686,9.315
60,5,1,33.560,10.026,32.733,9.315
61,5,1,33.606,10.025,32.780,9.315
62,5,1,33.635,10.044,32.808,9.333
63,5,1,33.681,10.043,32.854,9.333
64,5,1,33.728,10.043,32.901,9.332
65,5,1,33.775,10.061,32.948,9.350
66,5,1,33.822,10.061,32.995,9.350
67,5,1,33.868,10.060,33.042,9.350
68,5,1,33.915,10.060,33.088,9.349
69,5,1,33.962,10.031,33.145,9.377
70,5,1,34.008,10.040,33.191,9.404
71,5,1,34.036,10.040,33.229,9.376
72,5,1,34.036,10.049,33.229,9.367
73,5,1,34.083,10.058,33.275,9.376
74,5,1,34.130,10.067,33.322,9.384
75,5,1,34.177,10.057,33.369,9.375
76,5,1,34.466,10.064,33.556,9.364
77,5,1,34.419,10.055,33.593,9.373
78,5,1,34.447,10.064,33.621,9.382
79,5,1,34.475,10.055,33.649,9.372
80,5,1,34.541,10.063,33.714,9.381
81,5,1,34.587,10.054,33.761,9.371
82,5,1,34.634,10.062,33.808,9.380
83,5,1,34.681,10.053,33.854,9.370
84,5,1,34.727,10.062,33.901,9.379
85,5,1,34.774,10.052,33.948,9.370
86,5,1,34.839,10.061,34.013,9.378
87,5,1,34.886,10.070,34.060,9.387
88,5,1,34.934,10.181,34.023,9.462
89,5,1,34.896,10.153,34.070,9.471
90,5,1,34.943,10.162,34.117,9.480
91,5,1,34.989,10.171,34.163,9.489
92,5,1,35.036,10.180,34.210,9.498
93,5,1,35.083,10.189,34.257,9.507
94,5,1,35.111,10.198,34.285,9.516
95,5,1,35.158,10.207,34.332,9.525
96,5,1,35.204,10.216,34.378,9.534
97,5,1,35.251,10.225,34.425,9.542
98,5,1,35.298,10.215,34.472,9.533
99,5,1,35.363,10.205,34.537,9.523
100,5,1,35.409,10.195,34.584,9.513
101,5,1,35.475,10.204,34.649,9.522
102,5,1,35.587,10.212,34.620,9.420
103,5,1,35.521,10.166,34.677,9.475
104,5,1,35.568,10.166,34.723,9.475
105,5,1,35.633,10.165,34.789,9.474
106,5,1,35.661,10.165,34.816,9.474
107,5,1,35.726,10.164,34.882,9.473
108,5,1,35.754,10.164,34.910,9.473
109,5,1,35.782,10.127,34.937,9.436
110,5,1,35.810,10.108,34.965,9.417
111,5,1,35.856,10.089,35.012,9.398
112,5,1,35.903,10.088,35.058,9.397
113,5,1,35.949,10.069,35.105,9.378
114,5,1,35.996,10.050,35.151,9.359
115,5,1,36.042,10.050,35.198,9.359
116,5,1,36.070,10.049,35.226,9.358
117,5,1,36.117,10.030,35.273,9.339
118,5,1,36.163,10.030,35.319,9.339
119,5,1,36.229,10.029,35.384,9.338
120,5,1,36.257,10.029,35.412,9.338
121,5,1,36.322,10.047,35.478,9.356
122,5,1,36.368,10.047,35.524,9.356
123,5,1,36.434,10.065,35.590,9.374
124,5,1,36.481,10.120,35.637,9.429
125,5,1,36.528,10.157,35.684,9.466
126,5,1,36.574,10.175,35.730,9.484
127,5,1,36.621,10.175,35.777,9.484
128,5,1,36.649,10.174,35.805,9.484
129,5,1,36.696,10.174,35.852,9.483
130,5,1,36.742,10.174,35.898,9.483
131,5,1,36.789,10.173,35.945,9.483
132,5,1,36.835,10.173,35.991,9.482
133,5,1,36.900,10.172,36.057,9.482
134,5,1,36.947,10.172,36.103,9.481
135,5,1,36.994,10.171,36.150,9.481
136,5,1,37.040,10.171,36.196,9.480
137,5,1,37.105,10.170,36.261,9.480
138,5,1,37.133,10.170,36.289,9.479
139,5,1,37.198,10.169,36.355,9.479
140,5,1,37.226,10.169,36.383,9.479
141,5,1,37.273,10.150,36.429,9.460
142,5,1,37.319,10.112,36.475,9.422
143,5,1,37.365,10.112,36.522,9.422
144,5,1,37.393,10.093,36.550,9.403
145,5,1,37.440,10.093,36.596,9.402
146,5,1,37.468,10.092,36.624,9.402
147,5,1,37.514,10.073,36.670,9.383
148,5,1,37.561,10.073,36.717,9.383
149,5,1,37.607,10.073,36.763,9.382
150,5,1,37.635,10.072,36.791,9.382
151,5,1,37.681,10.072,36.838,9.382
152,5,1,37.728,10.071,36.884,9.381
153,5,1,37.793,10.089,36.950,9.399
154,5,1,37.840,10.089,36.996,9.399
155,5,1,37.886,10.107,37.043,9.417
156,5,1,37.933,10.125,37.090,9.435
157,5,1,37.980,10.162,37.137,9.472
158,5,1,38.027,10.199,37.183,9.509
159,5,1,38.073,10.217,37.230,9.527
160,5,1,38.102,10.236,37.258,9.545
161,5,1,38.148,10.235,37.305,9.545
162,5,1,38.176,10.235,37.333,9.545
163,5,1,38.222,10.234,37.379,9.544
164,5,1,38.269,10.234,37.426,9.544
165,5,1,38.315,10.234,37.472,9.543
166,5,1,38.362,10.233,37.519,9.543
167,5,1,38.408,10.233,37.565,9.543
168,5,1,38.455,10.251,37.612,9.561
169,5,1,38.502,10.250,37.658,9.560
170,5,1,38.548,10.250,37.705,9.560
171,5,1,38.613,10.249,37.770,9.559
172,5,1,38.641,10.249,37.798,9.559
173,5,1,38.706,10.249,37.863,9.559
174,5,1,38.734,10.230,37.891,9.540
175,5,1,38.798,10.192,37.955,9.502
176,5,1,38.826,10.173,37.983,9.483
177,5,1,38.873,10.173,38.030,9.483
178,5,1,38.900,10.172,38.057,9.482
179,5,1,38.947,10.153,38.104,9.463
180,5,1,38.975,10.153,38.132,9.463
181,5,1,39.021,10.153,38.178,9.463
182,5,1,39.049,10.152,38.206,9.463
183,5,1,39.095,10.152,38.253,9.462
184,5,1,39.142,10.152,38.299,9.462
185,5,1,39.188,10.151,38.345,9.461
186,5,1,39.235,10.151,38.392,9.461
187,5,1,39.300,10.150,38.457,9.460
188,5,1,39.346,10.168,38.504,9.479
0,6,1,30.824,11.387,29.864,10.798
1,6,1,30.806,11.481,29.902,10.788
2,6,1,30.768,11.519,29.921,10.797
3,6,1,30.778,11.500,29.902,10.807
4,6,1,30.815,11.518,29.940,10.825
5,6,1,30.862,11.518,29.987,10.825
6,6,1,30.890,11.518,30.015,10.825
7,6,1,31.078,11.497,30.156,10.861
8,6,1,31.050,11.507,30.156,10.842
9,6,1,31.097,11.497,30.202,10.832
10,6,1,31.134,11.506,30.240,10.841
11,6,1,31.143,11.496,30.249,10.832
12,6,1,31.190,11.487,30.296,10.822
13,6,1,31.228,11.477,30.334,10.812
14,6,1,31.265,11.495,30.371,10.831
15,6,1,31.322,11.476,30.427,10.811
16,6,1,31.359,11.504,30.465,10.839
17,6,1,31.341,11.541,30.447,10.877
18,6,1,31.415,11.522,30.521,10.857
19,6,1,31.453,11.531,30.559,10.866
21,6,1,31.369,11.541,30.475,10.876
22,6,1,31.481,11.512,30.587,10.847
23,6,1,31.481,11.502,30.587,10.838
24,6,1,29.709,11.923,28.814,11.257
25,6,1,31.940,11.517,31.018,10.824
26,6,1,31.912,11.498,31.018,10.834
27,6,1,31.996,11.451,31.102,10.786
28,6,1,32.006,11.479,31.112,10.814
29,6,1,32.043,11.469,31.149,10.804
30,6,1,32.071,11.487,31.178,10.823
31,6,1,32.118,11.487,31.225,10.822
32,6,1,32.156,11.496,31.262,10.831
33,6,1,32.184,11.505,31.290,10.840
34,6,1,32.212,11.514,31.318,10.850
35,6,1,32.268,11.523,31.375,10.858
36,6,1,32.325,11.550,31.431,10.886
37,6,1,32.437,11.558,31.544,10.894
38,6,1,32.512,11.586,31.619,10.921
39,6,1,32.559,11.576,31.665,10.912
40,6,1,32.587,11.585,31.694,10.921
41,6,1,32.624,11.575,31.731,10.911
42,6,1,32.681,11.565,31.787,10.901
43,6,1,32.718,11.556,31.825,10.891
44,6,1,32.755,11.565,31.862,10.900
45,6,1,32.793,11.574,31.900,10.909
46,6,1,32.830,11.583,31.937,10.918
47,6,1,32.868,11.573,31.975,10.909
48,6,1,32.905,11.582,32.012,10.918
49,6,1,32.943,11.572,32.049,10.908
50,6,1,32.980,11.581,32.087,10.917
51,6,1,33.036,11.590,32.143,10.926
52,6,1,33.130,11.617,32.237,10.953
53,6,1,33.186,11.626,32.293,10.962
54,6,1,33.261,11.634,32.368,10.970
55,6,1,33.317,11.625,32.424,10.960
56,6,1,33.336,11.615,32.443,10.951
57,6,1,33.392,11.624,32.499,10.960
58,6,1,33.411,11.633,32.518,10.969
59,6,1,33.467,11.623,32.574,10.959
60,6,1,33.747,11.602,32.724,11.014
61,6,1,33.682,11.630,32.771,10.985
62,6,1,33.720,11.639,32.808,10.994
63,6,1,33.776,11.629,32.864,10.984
64,6,1,33.870,11.722,32.781,11.116
65,6,1,33.795,11.732,32.865,11.096
66,6,1,33.832,11.732,32.902,11.096
67,6,1,33.889,11.750,32.959,11.114
68,6,1,33.945,11.768,33.015,11.132
69,6,1,34.001,11.767,33.071,11.132
70,6,1,34.057,11.767,33.127,11.131
71,6,1,34.113,11.766,33.183,11.131
72,6,1,34.151,11.784,33.221,11.149
73,6,1,34.207,11.803,33.277,11.167
74,6,1,34.244,11.802,33.314,11.167
75,6,1,34.282,11.802,33.352,11.166
76,6,1,34.319,11.820,33.389,11.185
77,6,1,34.375,11.838,33.446,11.203
78,6,1,34.413,11.819,33.483,11.184
79,6,1,34.469,11.837,33.539,11.202
80,6,1,34.525,11.818,33.595,11.183
81,6,1,34.581,11.836,33.651,11.201
82,6,1,34.637,11.817,33.707,11.182
83,6,1,34.693,11.835,33.764,11.200
84,6,1,34.749,11.816,33.820,11.180
85,6,1,34.787,11.834,33.857,11.199
86,6,1,34.843,11.815,33.913,11.180
87,6,1,34.880,11.833,33.951,11.198
88,6,1,34.936,11.814,34.006,11.179
89,6,1,34.973,11.832,34.044,11.197
90,6,1,35.011,11.832,34.081,11.197
91,6,1,35.048,11.813,34.119,11.178
92,6,1,35.086,11.831,34.156,11.196
93,6,1,35.123,11.812,34.193,11.177
94,6,1,35.179,11.830,34.250,11.195
95,6,1,35.216,11.811,34.287,11.176
96,6,1,35.272,11.829,34.343,11.194
97,6,1,35.328,11.829,34.399,11.194
98,6,1,35.366,11.828,34.436,11.193
99,6,1,35.422,11.828,34.493,11.193
100,6,1,35.478,11.846,34.549,11.211
101,6,1,35.534,11.864,34.605,11.229
102,6,1,35.590,11.863,34.661,11.228
103,6,1,35.646,11.863,34.717,11.228
104,6,1,35.702,11.862,34.773,11.227
105,6,1,35.740,11.880,34.810,11.246
106,6,1,35.777,11.899,34.848,11.264
107,6,1,35.814,11.898,34.885,11.263
108,6,1,35.852,11.898,34.923,11.263
109,6,1,35.889,11.898,34.960,11.263
110,6,1,35.945,11.897,35.016,11.262
111,6,1,35.982,11.915,35.054,11.280
112,6,1,36.039,11.933,35.110,11.299
113,6,1,36.076,11.914,35.147,11.280
114,6,1,36.132,11.932,35.203,11.298
115,6,1,36.188,11.913,35.259,11.278
116,6,1,36.244,11.931,35.315,11.297
117,6,1,36.300,11.931,35.371,11.296
118,6,1,36.356,11.930,35.427,11.295
119,6,1,36.412,11.930,35.483,11.295
120,6,1,36.449,11.929,35.520,11.295
121,6,1,36.505,11.929,35.576,11.294
122,6,1,36.542,11.928,35.614,11.294
123,6,1,36.580,11.928,35.651,11.293
124,6,1,36.617,11.928,35.688,11.293
125,6,1,36.654,11.927,35.726,11.293
126,6,1,36.691,11.927,35.763,11.292
127,6,1,36.747,11.926,35.819,11.292
128,6,1,36.785,11.926,35.856,11.291
129,6,1,36.841,11.925,35.912,11.291
130,6,1,36.878,11.925,35.950,11.290
131,6,1,36.934,11.924,36.006,11.290
132,6,1,36.990,11.924,36.061,11.289
133,6,1,37.046,11.942,36.118,11.307
134,6,1,37.102,11.960,36.174,11.325
135,6,1,37.158,11.941,36.229,11.306
136,6,1,37.214,11.959,36.286,11.324
137,6,1,37.251,11.958,36.323,11.324
138,6,1,37.307,11.958,36.379,11.323
139,6,1,37.344,11.976,36.416,11.342
140,6,1,37.382,11.994,36.454,11.360
141,6,1,37.438,11.994,36.510,11.359
142,6,1,37.475,11.993,36.547,11.359
143,6,1,37.512,11.993,36.584,11.359
144,6,1,37.568,11.993,36.640,11.358
145,6,1,37.605,11.992,36.677,11.358
146,6,1,37.661,11.992,36.733,11.357
147,6,1,37.717,11.991,36.789,11.357
148,6,1,37.773,11.990,36.845,11.356
149,6,1,37.829,11.990,36.901,11.356
150,6,1,37.885,11.989,36.957,11.355
151,6,1,37.922,11.970,36.994,11.336
152,6,1,37.978,11.988,37.050,11.354
153,6,1,38.015,11.969,37.087,11.335
154,6,1,38.071,11.987,37.143,11.353
155,6,1,38.108,11.968,37.180,11.334
156,6,1,38.146,11.987,37.218,11.353
157,6,1,38.183,11.968,37.255,11.333
158,6,1,38.220,11.967,37.292,11.333
159,6,1,38.257,11.967,37.329,11.333
160,6,1,38.294,11.966,37.367,11.332
161,6,1,38.350,11.966,37.423,11.332
162,6,1,38.388,11.984,37.460,11.350
163,6,1,38.443,11.965,37.516,11.331
164,6,1,38.499,11.983,37.572,11.349
165,6,1,38.555,11.982,37.628,11.348
166,6,1,38.611,11.982,37.684,11.348
167,6,1,38.667,12.000,37.740,11.366
168,6,1,38.704,12.018,37.777,11.384
169,6,1,38.760,12.018,37.833,11.384
170,6,1,38.797,12.017,37.870,11.383
171,6,1,38.853,12.035,37.926,11.401
172,6,1,38.891,12.054,37.963,11.420
173,6,1,38.928,12.053,38.001,11.419
174,6,1,38.965,12.053,38.038,11.419
175,6,1,39.021,12.071,38.094,11.437
176,6,1,39.059,12.089,38.131,11.455
177,6,1,39.096,12.070,38.168,11.436
178,6,1,39.152,12.088,38.224,11.454
179,6,1,39.189,12.069,38.261,11.435
180,6,1,39.245,12.087,38.317,11.454
181,6,1,39.300,12.068,38.373,11.434
182,6,1,39.356,12.086,38.429,11.452
183,6,1,39.412,12.067,38.485,11.433
184,6,1,39.468,12.085,38.541,11.451
185,6,1,39.505,12.066,38.578,11.432
186,6,1,39.561,12.084,38.634,11.450
187,6,1,39.598,12.065,38.671,11.431
188,6,1,39.635,12.083,38.708,11.450
0,7,1,30.153,12.349,29.022,11.508
1,7,1,30.181,12.377,29.003,11.499
2,7,1,30.247,12.386,29.069,11.508
3,7,1,30.275,12.395,29.097,11.517
4,7,1,30.331,12.385,29.153,11.507
5,7,1,30.397,12.393,29.219,11.515
6,7,1,30.425,12.384,29.247,11.506
7,7,1,30.481,12.393,29.304,11.515
8,7,1,30.547,12.383,29.369,11.505
9,7,1,30.575,12.392,29.398,11.514
10,7,1,30.613,12.382,29.435,11.504
11,7,1,30.782,12.389,29.604,11.512
12,7,1,30.725,12.381,29.548,11.503
13,7,1,30.763,12.390,29.586,11.512
14,7,1,30.754,12.380,29.576,11.503
15,7,1,30.894,12.388,29.717,11.511
16,7,1,30.951,12.378,29.773,11.501
17,7,1,30.998,12.387,29.820,11.510
18,7,1,31.045,12.377,29.867,11.500
19,7,1,31.101,12.386,29.924,11.509
20,7,1,31.138,12.376,29.961,11.499
21,7,1,31.195,12.385,30.018,11.508
22,7,1,31.270,12.375,30.093,11.498
23,7,1,31.326,12.384,30.149,11.506
24,7,1,31.345,12.393,30.168,11.515
25,7,1,31.420,12.402,30.243,11.524
26,7,1,31.476,12.392,30.299,11.514
27,7,1,31.495,12.401,30.318,11.523
28,7,1,31.551,12.410,30.374,11.532
29,7,1,31.589,12.409,30.412,11.532
30,7,1,31.645,12.409,30.468,11.531
31,7,1,31.720,12.436,30.543,11.559
32,7,1,31.776,12.426,30.600,11.549
33,7,1,31.833,12.435,30.656,11.557
34,7,1,31.889,12.444,30.712,11.566
35,7,1,31.927,12.443,30.750,11.566
36,7,1,31.964,12.443,30.787,11.565
37,7,1,32.020,12.452,30.844,11.574
38,7,1,32.095,12.451,30.919,11.574
39,7,1,32.152,12.469,30.975,11.592
40,7,1,32.189,12.459,31.013,11.582
41,7,1,32.227,12.468,31.050,11.591
42,7,1,32.264,12.458,31.088,11.581
43,7,1,32.302,12.467,31.125,11.590
44,7,1,32.358,12.448,31.181,11.571
45,7,1,32.433,12.466,31.256,11.589
46,7,1,32.489,12.456,31.313,11.579
47,7,1,32.526,12.465,31.350,11.588
48,7,1,32.583,12.455,31.406,11.578
49,7,1,32.658,12.464,31.481,11.587
50,7,1,32.714,12.444,31.538,11.567
51,7,1,32.751,12.463,31.575,11.586
52,7,1,32.807,12.443,31.631,11.566
53,7,1,32.864,12.461,31.688,11.585
54,7,1,32.901,12.452,31.725,11.575
55,7,1,32.957,12.461,31.781,11.584
56,7,1,33.014,12.460,31.838,11.583
57,7,1,33.051,12.478,31.875,11.601
58,7,1,33.088,12.459,31.913,11.582
59,7,1,33.126,12.477,31.950,11.601
60,7,1,33.182,12.486,32.006,11.610
61,7,1,33.257,12.495,32.081,11.618
62,7,1,33.313,12.494,32.138,11.618
63,7,1,33.351,12.513,32.175,11.636
64,7,1,33.407,12.521,32.231,11.645
65,7,1,33.482,12.530,32.306,11.653
66,7,1,33.538,12.520,32.363,11.643
67,7,1,33.557,12.529,32.381,11.653
68,7,1,33.613,12.529,32.438,11.652
69,7,1,33.651,12.547,32.475,11.670
70,7,1,33.707,12.556,32.531,11.679
71,7,1,33.763,12.564,32.588,11.688
72,7,1,33.782,12.555,32.606,11.678
73,7,1,33.838,12.564,32.663,11.687
74,7,1,33.875,12.563,32.700,11.687
75,7,1,33.932,12.581,32.756,11.705
76,7,1,33.988,12.562,32.812,11.686
77,7,1,34.025,12.580,32.850,11.704
78,7,1,34.081,12.570,32.906,11.694
79,7,1,34.156,12.579,32.981,11.703
80,7,1,34.212,12.588,33.037,11.711
81,7,1,34.250,12.597,33.075,11.720
82,7,1,34.287,12.587,33.112,11.711
83,7,1,34.343,12.586,33.168,11.710
84,7,1,34.418,12.586,33.243,11.709
85,7,1,34.455,12.595,33.280,11.718
86,7,1,34.512,12.594,33.337,11.718
87,7,1,34.530,12.612,33.355,11.736
88,7,1,34.587,12.621,33.412,11.745
89,7,1,34.624,12.630,33.449,11.754
90,7,1,34.661,12.639,33.487,11.763
91,7,1,34.718,12.648,33.543,11.772
92,7,1,34.774,12.647,33.599,11.771
93,7,1,34.811,12.666,33.636,11.790
94,7,1,34.867,12.665,33.693,11.789
95,7,1,34.942,12.692,33.768,11.816
96,7,1,34.998,12.692,33.824,11.816
97,7,1,35.036,12.719,33.861,11.843
98,7,1,35.073,12.710,33.899,11.834
99,7,1,35.129,12.718,33.955,11.842
100,7,1,35.185,12.708,34.011,11.833
101,7,1,35.223,12.708,34.048,11.832
102,7,1,35.260,12.726,34.086,11.850
103,7,1,35.316,12.726,34.142,11.850
104,7,1,35.372,12.725,34.198,11.849
105,7,1,35.410,12.734,34.235,11.858
106,7,1,35.447,12.724,34.273,11.849
107,7,1,35.484,12.724,34.310,11.848
108,7,1,35.541,12.723,34.366,11.848
109,7,1,35.615,12.732,34.441,11.856
110,7,1,35.671,12.722,34.497,11.846
111,7,1,35.709,12.731,34.534,11.855
112,7,1,35.765,12.721,34.590,11.845
113,7,1,35.821,12.720,34.647,11.845
114,7,1,35.858,12.720,34.684,11.844
115,7,1,35.895,12.729,34.721,11.853
116,7,1,35.951,12.719,34.777,11.843
117,7,1,36.026,12.728,34.852,11.852
118,7,1,36.064,12.736,34.890,11.861
119,7,1,36.101,12.736,34.927,11.861
120,7,1,36.138,12.754,34.964,11.879
121,7,1,36.194,12.754,35.021,11.878
122,7,1,36.232,12.772,35.058,11.897
123,7,1,36.269,12.781,35.095,11.906
124,7,1,36.325,12.762,35.151,11.886
125,7,1,36.381,12.789,35.208,11.914
126,7,1,36.419,12.789,35.245,11.913
127,7,1,36.475,12.816,35.301,11.941
128,7,1,36.549,12.806,35.376,11.931
129,7,1,36.606,12.815,35.432,11.940
130,7,1,36.624,12.805,35.450,11.930
131,7,1,36.699,12.805,35.525,11.929
132,7,1,36.736,12.823,35.563,11.948
133,7,1,36.792,12.822,35.619,11.947
134,7,1,36.811,12.822,35.637,11.947
135,7,1,36.867,12.831,35.693,11.956
136,7,1,36.904,12.821,35.731,11.946
137,7,1,36.941,12.821,35.768,11.946
138,7,1,36.997,12.820,35.824,11.945
139,7,1,37.053,12.829,35.880,11.954
140,7,1,37.091,12.819,35.917,11.944
141,7,1,37.147,12.828,35.973,11.953
142,7,1,37.221,12.818,36.048,11.943
143,7,1,37.277,12.817,36.104,11.942
144,7,1,37.314,12.817,36.141,11.942
145,7,1,37.352,12.826,36.179,11.951
146,7,1,37.408,12.816,36.235,11.941
147,7,1,37.463,12.806,36.290,11.931
148,7,1,37.501,12.815,36.328,11.940
149,7,1,37.557,12.814,36.384,11.939
150,7,1,37.613,12.804,36.440,11.929
151,7,1,37.650,12.822,36.477,11.948
152,7,1,37.687,12.831,36.515,11.957
153,7,1,37.725,12.840,36.552,11.966
154,7,1,37.780,12.821,36.608,11.946
155,7,1,37.855,12.830,36.682,11.955
156,7,1,37.893,12.848,36.720,11.973
157,7,1,37.967,12.847,36.794,11.972
158,7,1,38.023,12.846,36.850,11.972
159,7,1,38.060,12.855,36.888,11.981
160,7,1,38.116,12.864,36.944,11.990
161,7,1,38.172,12.864,37.000,11.989
162,7,1,38.209,12.854,37.037,11.979
163,7,1,38.247,12.872,37.074,11.998
164,7,1,38.303,12.862,37.130,11.988
165,7,1,38.359,12.871,37.186,11.996
166,7,1,38.377,12.861,37.205,11.987
167,7,1,38.452,12.861,37.279,11.986
168,7,1,38.489,12.851,37.316,11.976
169,7,1,38.545,12.841,37.372,11.967
170,7,1,38.563,12.841,37.391,11.966
171,7,1,38.638,12.849,37.466,11.975
172,7,1,38.693,12.839,37.521,11.965
173,7,1,38.731,12.830,37.559,11.955
174,7,1,38.786,12.820,37.614,11.945
175,7,1,38.842,12.819,37.670,11.945
176,7,1,38.879,12.819,37.707,11.944
177,7,1,38.935,12.827,37.763,11.953
178,7,1,39.010,12.836,37.838,11.962
179,7,1,39.047,12.836,37.875,11.961
180,7,1,39.084,12.835,37.913,11.961
181,7,1,39.140,12.835,37.968,11.960
182,7,1,39.159,12.844,37.987,11.970
183,7,1,39.215,12.852,38.043,11.978
184,7,1,39.252,12.852,38.080,11.978
185,7,1,39.289,12.870,38.118,11.996
186,7,1,39.327,12.861,38.155,11.987
187,7,1,39.383,12.879,38.211,12.005
188,7,1,39.438,12.869,38.267,11.995
0,9,2,32.900,18.567,32.098,16.355
1,9,2,32.928,18.623,32.088,16.308
2,9,2,32.928,18.566,32.088,16.251
3,9,2,32.909,18.491,32.069,16.176
4,9,2,32.908,18.416,32.068,16.101
5,9,2,32.889,18.359,32.049,16.045
6,9,2,32.812,17.974,31.992,15.970
7,9,2,32.812,18.021,31.992,15.933
8,9,2,32.755,17.947,31.946,15.990
9,9,2,32.764,17.796,31.992,15.961
10,9,2,32.764,17.758,31.983,15.914
11,9,2,32.763,17.683,32.011,15.857
12,9,2,32.773,17.730,32.001,15.810
13,9,2,32.754,17.673,31.982,15.754
14,9,2,32.753,17.579,31.981,15.660
15,9,2,32.734,17.542,31.962,15.623
16,9,2,32.715,17.467,31.943,15.548
17,9,2,32.715,17.410,31.943,15.491
18,9,2,32.695,17.335,31.924,15.417
19,9,2,32.676,17.260,31.905,15.342
20,9,2,32.676,17.204,31.904,15.285
21,9,2,32.657,17.147,31.885,15.229
22,9,2,32.656,17.072,31.885,15.154
23,9,2,32.637,16.997,31.866,15.079
24,9,2,32.637,16.941,31.865,15.023
25,9,2,32.618,16.884,31.846,14.967
26,9,2,32.617,16.809,31.846,14.891
27,9,2,32.598,16.734,31.827,14.816
28,9,2,32.579,16.678,31.808,14.760
29,9,2,32.578,16.621,31.807,14.704
30,9,2,32.559,16.546,31.788,14.629
31,9,2,32.559,16.471,31.788,14.554
32,9,2,32.540,16.415,31.769,14.498
33,9,2,32.539,16.358,31.768,14.442
34,9,2,32.520,16.283,31.749,14.367
35,9,2,32.520,16.208,31.749,14.292
36,9,2,32.519,16.152,31.748,14.235
37,9,2,32.500,16.096,31.729,14.179
38,9,2,32.500,16.020,31.729,14.104
39,9,2,32.481,15.945,31.710,14.029
40,9,2,32.480,15.889,31.710,13.973
41,9,2,32.480,15.851,31.709,13.936
42,9,2,32.461,15.777,31.690,13.861
43,9,2,32.461,15.720,31.690,13.804
44,9,2,32.460,15.645,31.689,13.729
45,9,2,32.460,15.570,31.689,13.654
46,9,2,32.441,15.514,31.670,13.598
47,9,2,32.440,15.457,31.670,13.542
48,9,2,32.440,15.382,31.669,13.467
49,9,2,32.440,15.326,31.669,13.411
50,9,2,32.439,15.288,31.669,13.373
51,9,2,32.439,15.213,31.668,13.298
52,9,2,32.439,15.157,31.668,13.242
53,9,2,32.419,15.082,31.649,13.167
54,9,2,32.419,15.007,31.649,13.092
55,9,2,32.419,14.950,31.648,13.036
56,9,2,32.419,14.922,31.648,13.008
57,9,2,32.418,14.857,31.648,12.942
58,9,2,32.362,14.838,31.629,12.886
59,9,2,32.342,14.688,31.610,12.812
60,9,2,32.333,14.689,31.591,12.756
61,9,2,32.370,14.716,31.581,12.728
62,9,2,32.313,14.482,31.590,12.625
63,9,2,32.331,14.369,31.618,12.568
64,9,2,32.331,14.407,31.608,12.531
65,9,2,32.340,14.351,31.617,12.474
66,9,2,32.330,14.276,31.608,12.400
67,9,2,32.340,14.219,31.617,12.343
68,9,2,32.330,14.191,31.607,12.315
69,9,2,32.339,14.125,31.616,12.250
70,9,2,32.329,14.051,31.606,12.175
71,9,2,32.336,13.591,31.672,12.212
72,9,2,32.326,13.535,31.663,12.165
73,9,2,32.346,13.760,31.643,11.941
74,9,2,32.299,13.713,31.596,11.894
75,9,2,32.364,13.628,31.661,11.809
76,9,2,32.355,13.572,31.651,11.753
77,9,2,32.383,13.572,31.567,11.820
78,9,2,32.354,13.516,31.539,11.745
79,9,2,32.354,13.375,31.548,11.708
80,9,2,32.297,13.348,31.529,11.624
81,9,2,32.344,13.272,31.547,11.567
82,9,2,32.325,13.263,31.500,11.493
83,9,2,32.325,13.244,31.509,11.455
84,9,2,32.297,13.235,31.527,11.362
85,9,2,32.334,13.160,31.555,11.287
86,9,2,32.342,13.001,31.573,11.230
87,9,2,32.314,12.963,31.536,11.175
88,9,2,32.314,12.954,31.517,11.137
89,9,2,32.323,12.917,31.544,11.034
90,9,2,32.304,12.879,31.525,11.025
91,9,2,32.266,12.833,31.563,11.062
92,9,2,32.284,12.627,31.553,10.903
93,9,2,32.283,12.505,31.553,10.857
94,9,2,32.265,12.561,31.562,10.810
95,9,2,32.274,12.496,31.571,10.744
96,9,2,32.348,12.401,31.580,10.660
97,9,2,32.348,12.383,31.607,10.548
98,9,2,32.376,12.307,31.673,10.491
99,9,2,32.366,12.214,31.616,10.492
100,9,2,32.338,12.224,31.635,10.491
101,9,2,32.337,12.158,31.635,10.426
102,9,2,32.356,12.055,31.653,10.323
103,9,2,32.420,11.914,31.727,10.136
104,9,2,32.401,11.802,31.670,10.062
105,9,2,32.429,11.736,31.623,9.875
106,9,2,32.447,11.596,31.566,9.801
107,9,2,32.483,11.446,31.659,9.754
108,9,2,32.501,11.352,31.659,9.679
109,9,2,32.427,11.372,31.734,9.660
110,9,2,32.426,11.287,31.733,9.576
111,9,2,32.594,11.118,31.657,9.334
112,9,2,32.565,11.015,31.676,9.259
113,9,2,32.583,10.959,31.713,9.231
114,9,2,32.602,10.912,31.702,8.979
115,9,2,32.583,10.819,31.730,9.025
116,9,2,32.535,10.726,31.739,8.951
117,9,2,32.479,10.698,31.786,8.988
118,9,2,32.497,10.595,31.805,8.885
119,9,2,32.515,10.502,31.823,8.792
120,9,2,32.552,10.371,31.849,8.521
121,9,2,32.533,10.306,31.848,8.344
122,9,2,32.589,10.296,31.857,8.241
123,9,2,32.588,10.212,31.895,8.232
124,9,2,32.578,10.081,31.895,8.372
125,9,2,32.587,9.997,31.904,8.288
126,9,2,32.615,9.876,31.932,8.166
127,9,2,32.642,9.791,31.959,8.082
128,9,2,32.670,9.689,31.987,7.980
129,9,2,32.678,9.586,31.996,7.877
130,9,2,32.724,9.483,32.042,7.774
131,9,2,32.779,9.259,32.050,7.523
132,9,2,32.751,9.240,32.068,7.532
133,9,2,32.779,9.156,32.096,7.448
134,9,2,32.806,9.063,32.124,7.355
135,9,2,32.834,8.951,32.151,7.243
136,9,2,32.861,8.848,32.178,7.141
137,9,2,32.888,8.764,32.206,7.057
138,9,2,32.916,8.643,32.233,6.936
139,9,2,32.962,8.558,32.280,6.852
140,9,2,32.989,8.456,32.307,6.749
141,9,2,33.129,8.324,32.250,6.499
142,9,2,33.147,8.305,32.305,6.480
143,9,2,33.063,8.241,32.381,6.535
144,9,2,33.090,8.138,32.408,6.433
145,9,2,33.118,8.054,32.435,6.349
146,9,2,33.164,7.952,32.482,6.246
147,9,2,33.191,7.868,32.509,6.162
148,9,2,33.237,7.765,32.555,6.060
149,9,2,33.265,7.681,32.583,5.976
150,9,2,33.311,7.578,32.629,5.874
151,9,2,33.338,7.495,32.656,5.790
152,9,2,33.384,7.392,32.702,5.688
153,9,2,33.430,7.308,32.748,5.604
154,9,2,33.476,7.205,32.794,5.501
155,9,2,33.504,7.121,32.822,5.418
156,9,2,33.550,7.019,32.868,5.315
157,9,2,33.577,6.935,32.895,5.232
158,9,2,33.623,6.832,32.941,5.129
159,9,2,33.651,6.767,32.969,5.064
160,9,2,33.697,6.665,33.015,4.962
161,9,2,33.724,6.581,33.042,4.878
162,9,2,33.770,6.478,33.088,4.776
163,9,2,33.798,6.413,33.116,4.711
164,9,2,33.844,6.311,33.162,4.609
165,9,2,33.871,6.227,33.189,4.525
166,9,2,33.917,6.125,33.235,4.423
167,9,2,33.963,6.059,33.281,4.358
168,9,2,33.990,5.957,33.309,4.256
169,9,2,34.018,5.874,33.336,4.172
170,9,2,34.064,5.790,33.382,4.089
171,9,2,34.091,5.706,33.410,4.005
172,9,2,34.137,5.622,33.456,3.922
173,9,2,34.165,5.539,33.483,3.838
174,9,2,34.211,5.436,33.529,3.736
175,9,2,34.238,5.371,33.556,3.671
176,9,2,34.265,5.269,33.584,3.569
177,9,2,34.293,5.204,33.611,3.504
178,9,2,34.339,5.102,33.657,3.402
179,9,2,34.366,5.037,33.685,3.338
180,9,2,34.393,4.935,33.712,3.236
181,9,2,34.421,4.870,33.739,3.171
182,9,2,34.448,4.786,33.767,3.087
183,9,2,34.475,4.703,33.794,3.004
184,9,2,34.503,4.619,33.821,2.921
185,9,2,34.512,4.554,33.830,2.856
186,9,2,34.539,4.471,33.858,2.773
187,9,2,34.566,4.387,33.885,2.689
188,9,2,34.594,4.304,33.912,2.606
